valori DISCONNESSI ======================
fino a [17] uguali a https://oeis.org/A054592/list
0	0
1	0
2	1
3	4
4	26
5	296
6	6064
7	230896
8	16886864
9	2423185664
10	687883494016
11	387139470010624
12	432380088071584256
13	959252253993204724736
14	4231267540316814507357184
15	37138269572860613284747227136
16	649037449132671895468073434916864
17	22596879313063804832510513481261154304
18	1568021213156739677613469882713171817332736
19	216941651871139111112257250053688796883675316224
20	59863107263844702400145424148028259703877851204222976
21	32954784141164432483664757174340608734349306273575787298816
22	36201100270287457206439712419041081799874552386281234238766055424
23	79370082993650493456763890642792332552505079606953465748596793392234496
24	347376267718609988990890055784978112019812340642745454746390010290681465012224
25	3035420144118576189529829298097903070436795979406208784555665386583711850333579771904
26	52962935384771904339216029368932375592288909108214621340719992253309601740739355993792577536
27	1845492799036376605599623847952100832765704496104863816834539882791539449497887801190970769385979904
28	128435922495457351369587905914421958994903392241439658360267117007336100805942319214416009856031712750862336
29	17854034057741747907609379605109267709693965827154209940879037366855540353557358894352884617265866096880888039079936
30	4957919765926901738601844851510927154063991826697182580924993402086705655705682061559710603812518801409345943179066588790784
31	2750488336567853875455808693604521769473058416369018727081258299239258257457843982132781555411441256143316922391990938000265341566976
32	3048582568667962802877924981092473001359916945835225583678419957521059771801285210753493386244882312181903820233608964302802213767524326047744
33	6751368128785793575074260524130484547319422123450346133227736696838823226140946255191458471790959774983471425936046950541918273604759428359476282916864
34	29875599416888414619771211712977950784970060838073223069962620168890598736375623231285529333676963821675502045627372059306654933089020431047407421088751593455616
35	264177369737507897334951631472063030259487672861334504106034435540784489608731246059241241996550516644727950351124531714015781186144443418233464101628917059290077922852864
36	4668205014991117090874210890974320131459807526502759206929993706935856097709373439774914694000315760392709274590442985276617489875206538767806512044916333114159836298348690392743936

valori CONNESSI ==========================
fino a [16] uguali a https://oeis.org/A001187/list

0	1
1	1
2	1
3	4
4	38
5	728
6	26704
7	1866256
8	251548592
9	66296291072
10	34496488594816
11	35641657548953344
12	73354596206766622208
13	301272202649664088951808
14	2471648811030443735290891264
15	40527680937730480234609755344896
16	1328578958335783201008338986845427712
17	87089689052447182841791388989051400978432
18	11416413520434522308788674285713247919244640256
19	2992938411601818037370034280152893935458466172698624
20	1569215570739406346256547210377768575765884983264804405248
21	1645471602537064877722485517800176164374001516327306287561310208
22	3450836972295011606260171491426093685143754611532806996347023345844224
23	14473931784581530777452916362195345689326195578125463551466449404195748970496
24	121416458387840348322477378286414146687038407628418077332783529218671227143860518912
25	2037032940914341967692256158580080063148397956869956844427355893688994716051486372603625472
26	68351532186533737864736355381396298734910952426503780423683990730318777915378756861378792989392896
27	4586995386487343986845036190980325929492297212632066142611360844233962960637520118252235915249481987129344
28	615656218382741242234508631976838051282411931197630362747033724174222395343543109861028695816566950855890811486208
29	165263974343528091996230919398813154847833461047104477666952257939564080953537482898938408257044203946031706125367800496128
30	88725425253946309579607515290733826999038832348034303708272765654674479763074364231597119435621862686597717341418971119460584259584
31	95268202520385449790227094691687836722278710954949736428196756305746453532341035148366531266372862653739009088659598082113309304400438624256
32	204586909944926298207861553173799965921067126517774603507480126827588404754232387878919170016875623577048105576068684204467114231315623298308706926592
33	878694093745349914731889727208157807680003171098920968952145189548012830636076748530741378813207711246134152874638123892704663922045456803250047261786444398592
34	7547924819767483287594694542205326068855891655862820018679189530528628155893698967796630219069788201405972928386025644172169109953194652176102437455457970998547197198336
35	129672361263353660216004848405397154497075914498088480263529787446798464815868889966259599220355751574955667311875199310825316757090836792227021420332597263591744872066219249762304
36	4455508410978470003213152055317479855991723332650114280703483486331017198541367912550307040027205813596014620050254013798901452927850711294962075802234712748298505435020109941966616435621888

